delta_1d,delta_2d,delta_all,sum_doses,sum_1d,sum_2d,perc_doses,perc_inh_tot,perc_inh_1d,perc_inh_2d,sum_monotone_1d,sum_monotone_2d,perc_inh_monotone_1d,perc_inh_monotone_2d,date
0,0,0,0,0,0,0,0,0,0,0,0,0,0,2020-12-26
200,0,200,200,200,0,100.0,0.01322,0.01322,0.0,200,0,0.01322,0.0,2020-12-27
0,0,0,200,200,0,100.0,0.01322,0.01322,0.0,200,0,0.01322,0.0,2020-12-28
0,0,0,200,200,0,100.0,0.01322,0.01322,0.0,200,0,0.01322,0.0,2020-12-29
17,0,17,217,217,0,2.4,0.01435,0.01435,0.0,217,0,0.01435,0.0,2020-12-30
385,0,385,602,602,0,6.7,0.0398,0.0398,0.0,602,0,0.0398,0.0,2020-12-31
0,0,0,602,602,0,6.7,0.0398,0.0398,0.0,602,0,0.0398,0.0,2021-01-01
453,0,453,1055,1055,0,11.8,0.06974,0.06974,0.0,1055,0,0.06974,0.0,2021-01-02
896,0,896,1951,1951,0,21.7,0.12898,0.12898,0.0,1951,0,0.12898,0.0,2021-01-03
1502,0,1502,3453,3453,0,38.5,0.22827,0.22827,0.0,3453,0,0.22827,0.0,2021-01-04
1562,0,1562,5015,5015,0,31.7,0.33153,0.33153,0.0,5015,0,0.33153,0.0,2021-01-05
2181,0,2181,7196,7196,0,45.5,0.47571,0.47571,0.0,7196,0,0.47571,0.0,2021-01-06
1804,0,1804,9000,9000,0,50.7,0.59497,0.59497,0.0,9000,0,0.59497,0.0,2021-01-07
1576,0,1576,10576,10576,0,59.6,0.69916,0.69916,0.0,10576,0,0.69916,0.0,2021-01-08
1709,0,1709,12285,12285,0,69.2,0.81214,0.81214,0.0,12285,0,0.81214,0.0,2021-01-09
1737,0,1737,14022,14022,0,79.0,0.92697,0.92697,0.0,14022,0,0.92697,0.0,2021-01-10
1176,0,1176,15198,15198,0,85.6,1.00471,1.00471,0.0,15198,0,1.00471,0.0,2021-01-11
1226,0,1226,16424,16424,0,59.7,1.08576,1.08576,0.0,16424,0,1.08576,0.0,2021-01-12
2105,0,2105,18529,18529,0,63.9,1.22492,1.22492,0.0,18529,0,1.22492,0.0,2021-01-13
2010,0,2010,20539,20539,0,70.8,1.3578,1.3578,0.0,20539,0,1.3578,0.0,2021-01-14
1771,0,1771,22310,22310,0,76.9,1.47487,1.47487,0.0,22310,0,1.47487,0.0,2021-01-15
2005,0,2005,24315,24315,0,83.8,1.60742,1.60742,0.0,24315,0,1.60742,0.0,2021-01-16
1550,56,1606,25921,25865,56,89.4,1.71359,1.70989,0.0037,25865,56,1.70989,0.0037,2021-01-17
547,126,673,26594,26412,182,91.7,1.75808,1.74605,0.01203,26412,182,1.74605,0.01203,2021-01-18
141,85,226,26820,26553,267,92.5,1.77302,1.75537,0.01765,26553,267,1.75537,0.01765,2021-01-19
384,14,398,27218,26937,281,86.8,1.79933,1.78076,0.01858,26937,281,1.78076,0.01858,2021-01-20
585,312,897,28115,27522,593,71.1,1.85863,1.81943,0.0392,27522,593,1.81943,0.0392,2021-01-21
194,293,487,28602,27716,886,72.4,1.89083,1.83225,0.05857,27716,886,1.83225,0.05857,2021-01-22
123,434,557,29159,27839,1320,73.8,1.92765,1.84039,0.08726,27839,1320,1.84039,0.08726,2021-01-23
5,875,880,30039,27844,2195,76.0,1.98582,1.84072,0.14511,27844,2195,1.84072,0.14511,2021-01-24
97,1498,1595,31634,27941,3693,80.0,2.09127,1.84713,0.24414,27941,3693,1.84713,0.24414,2021-01-25
92,1924,2016,33650,28033,5617,82.7,2.22454,1.85321,0.37133,28033,5617,1.85321,0.37133,2021-01-26
122,1996,2118,35768,28155,7613,78.8,2.36456,1.86128,0.50328,28155,7613,1.86128,0.50328,2021-01-27
165,1807,1972,37740,28320,9420,83.2,2.49492,1.87218,0.62274,28320,9420,1.87218,0.62274,2021-01-28
167,1825,1992,39732,28487,11245,87.6,2.62661,1.88322,0.74339,28487,11245,1.88322,0.74339,2021-01-29
29,1876,1905,41637,28516,13121,91.8,2.75255,1.88514,0.86741,28516,13121,1.88514,0.86741,2021-01-30
105,1815,1920,43557,28621,14936,96.0,2.87947,1.89208,0.98739,28621,14936,1.89208,0.98739,2021-01-31
98,1264,1362,44919,28719,16200,95.4,2.96951,1.89856,1.07095,28719,16200,1.89856,1.07095,2021-02-01
73,1119,1192,46111,28792,17319,80.0,3.04831,1.90339,1.14493,28792,17319,1.90339,1.14493,2021-02-02
119,2005,2124,48235,28911,19324,83.7,3.18873,1.91125,1.27747,28911,19324,1.91125,1.27747,2021-02-03
112,2229,2341,50576,29023,21553,87.8,3.34349,1.91866,1.42483,29023,21553,1.91866,1.42483,2021-02-04
440,1715,2155,52731,29463,23268,91.5,3.48595,1.94775,1.53821,29463,23268,1.94775,1.53821,2021-02-05
522,1937,2459,55190,29985,25205,95.8,3.64851,1.98225,1.66626,29985,25205,1.98225,1.66626,2021-02-06
344,1524,1868,57058,30329,26729,99.0,3.772,2.005,1.76701,30329,26729,2.005,1.76701,2021-02-07
371,462,833,57891,30700,27191,100.5,3.82707,2.02952,1.79755,30700,27191,2.02952,1.79755,2021-02-08
46,78,124,58015,30746,27269,75.6,3.83527,2.03256,1.8027,30746,27269,2.03256,1.8027,2021-02-09
1080,359,1439,59454,31826,27628,77.4,3.9304,2.10396,1.82644,31826,27628,2.10396,1.82644,2021-02-10
1598,389,1987,61441,33424,28017,80.0,4.06175,2.2096,1.85215,33424,28017,2.2096,1.85215,2021-02-11
1430,152,1582,63023,34854,28169,82.1,4.16634,2.30413,1.8622,34854,28169,2.30413,1.8622,2021-02-12
1010,52,1062,64085,35864,28221,72.6,4.23654,2.3709,1.86564,35864,28221,2.3709,1.86564,2021-02-13
738,0,738,64823,36602,28221,73.4,4.28533,2.41969,1.86564,36602,28221,2.41969,1.86564,2021-02-14
954,13,967,65790,37556,28234,74.5,4.34926,2.48276,1.8665,37556,28234,2.48276,1.8665,2021-02-15
1257,30,1287,67077,38813,28264,76.0,4.43434,2.56586,1.86848,38813,28264,2.56586,1.86848,2021-02-16
1668,117,1785,68862,40481,28381,78.0,4.55234,2.67613,1.87622,40481,28381,2.67613,1.87622,2021-02-17
1815,286,2101,70963,42296,28667,66.3,4.69124,2.79611,1.89512,42296,28667,2.79611,1.89512,2021-02-18
1827,135,1962,72925,44123,28802,60.8,4.82094,2.91689,1.90405,44123,28802,2.91689,1.90405,2021-02-19
4010,111,4121,77046,48133,28913,64.3,5.09337,3.18199,1.91139,48133,28913,3.18199,1.91139,2021-02-20
375,1,376,77422,48508,28914,64.6,5.11823,3.20678,1.91145,48508,28914,3.20678,1.91145,2021-02-21
3338,75,3413,80835,51846,28989,67.4,5.34386,3.42744,1.91641,51846,28989,3.42744,1.91641,2021-02-22
3211,56,3267,84102,55057,29045,70.1,5.55983,3.63972,1.92011,55057,29045,3.63972,1.92011,2021-02-23
3408,78,3486,87588,58465,29123,63.2,5.79028,3.86502,1.92527,58465,29123,3.86502,1.92527,2021-02-24
3331,179,3510,91098,61796,29302,65.7,6.02232,4.08522,1.9371,61796,29302,4.08522,1.9371,2021-02-25
3155,476,3631,94729,64951,29778,68.3,6.26236,4.29379,1.96857,64951,29778,4.29379,1.96857,2021-02-26
3147,209,3356,98085,68098,29987,65.6,6.48422,4.50184,1.98239,68098,29987,4.50184,1.98239,2021-02-27
2830,6,2836,100921,70928,29993,67.5,6.6717,4.68892,1.98278,70928,29993,4.68892,1.98278,2021-02-28
3476,248,3724,104645,74404,30241,66.7,6.91789,4.91871,1.99918,74404,30241,4.91871,1.99918,2021-03-01
4388,566,4954,109599,78792,30807,62.0,7.24539,5.2088,2.03659,78792,30807,5.2088,2.03659,2021-03-02
5770,880,6650,116249,84562,31687,65.7,7.68501,5.59024,2.09477,84562,31687,5.59024,2.09477,2021-03-03
5098,1394,6492,122741,89660,33081,69.4,8.11418,5.92726,2.18692,89660,33081,5.92726,2.18692,2021-03-04
4710,1467,6177,128918,94370,34548,72.9,8.52253,6.23863,2.28391,94370,34548,6.23863,2.28391,2021-03-05
4433,1267,5700,134618,98803,35815,76.1,8.89935,6.53169,2.36766,98803,35815,6.53169,2.36766,2021-03-06
4429,753,5182,139800,103232,36568,79.1,9.24192,6.82448,2.41744,103232,36568,6.82448,2.41744,2021-03-07
5262,1002,6264,146064,108494,37570,82.6,9.65603,7.17234,2.48368,108494,37570,7.17234,2.48368,2021-03-08
4550,880,5430,151494,113044,38450,76.6,10.01499,7.47313,2.54186,113044,38450,7.47313,2.54186,2021-03-09
4532,1137,5669,157163,117576,39587,73.2,10.38976,7.77274,2.61702,117576,39587,7.77274,2.61702,2021-03-10
5225,1370,6595,163758,122801,40957,76.3,10.82574,8.11815,2.70759,122801,40957,8.11815,2.70759,2021-03-11
3403,1238,4641,168399,126204,42195,78.5,11.13255,8.34312,2.78943,126204,42195,8.34312,2.78943,2021-03-12
1805,3957,5762,174161,128009,46152,78.8,11.51347,8.46244,3.05102,128009,46152,8.46244,3.05102,2021-03-13
1906,593,2499,176660,129915,46745,79.9,11.67867,8.58844,3.09023,129915,46745,8.58844,3.09023,2021-03-14
1312,3090,4402,181062,131227,49835,74.8,11.96968,8.67518,3.2945,131227,49835,8.67518,3.2945,2021-03-15
290,3181,3471,184533,131517,53016,76.2,12.19914,8.69435,3.50479,131517,53016,8.69435,3.50479,2021-03-16
107,3321,3428,187961,131624,56337,77.7,12.42576,8.70142,3.72434,131624,56337,8.70142,3.72434,2021-03-17
162,3227,3389,191350,131786,59564,79.1,12.6498,8.71213,3.93767,131786,59564,8.71213,3.93767,2021-03-18
337,3496,3833,195183,132123,63060,80.6,12.90319,8.73441,4.16878,132123,63060,8.73441,4.16878,2021-03-19
1049,3086,4135,199318,133172,66146,82.4,13.17655,8.80376,4.37279,133172,66146,8.80376,4.37279,2021-03-20
1629,2876,4505,203823,134801,69022,80.9,13.47437,8.91145,4.56292,134801,69022,8.91145,4.56292,2021-03-21
2527,3128,5655,209478,137328,72150,70.7,13.84821,9.0785,4.76971,137328,72150,9.0785,4.76971,2021-03-22
2262,3527,5789,215267,139590,75677,72.6,14.23091,9.22804,5.00287,139590,75677,9.22804,5.00287,2021-03-23
3363,3668,7031,222298,142953,79345,75.0,14.69572,9.45036,5.24535,142953,79345,9.45036,5.24535,2021-03-24
3247,3410,6657,228955,146200,82755,75.5,15.1358,9.66502,5.47078,146200,82755,9.66502,5.47078,2021-03-25
3523,2808,6331,235286,149723,85563,77.6,15.55433,9.89792,5.65641,149723,85563,9.89792,5.65641,2021-03-26
5020,2358,7378,242664,154743,87921,80.0,16.04208,10.22978,5.8123,154743,87921,10.22978,5.8123,2021-03-27
2435,1691,4126,246790,157178,89612,81.4,16.31484,10.39075,5.92409,157178,89612,10.39075,5.92409,2021-03-28
3435,2425,5860,252650,160613,92037,75.7,16.70223,10.61783,6.0844,160613,92037,10.61783,6.0844,2021-03-29
4602,2815,7417,260067,165215,94852,78.0,17.19256,10.92206,6.27049,165215,94852,10.92206,6.27049,2021-03-30
4349,3024,7373,267440,169564,97876,80.2,17.67997,11.20957,6.4704,169564,97876,11.20957,6.4704,2021-03-31
4162,3416,7578,275018,173726,101292,82.4,18.18094,11.48471,6.69623,173726,101292,11.48471,6.69623,2021-04-01
6134,740,6874,281892,179860,102032,81.0,18.63537,11.89022,6.74515,179860,102032,11.89022,6.74515,2021-04-02
6903,670,7573,289465,186763,102702,76.1,19.13601,12.34656,6.78944,186763,102702,12.34656,6.78944,2021-04-03
2655,1169,3824,293289,189418,103871,77.1,19.3888,12.52208,6.86672,189418,103871,12.52208,6.86672,2021-04-04
4420,1269,5689,298978,193838,105140,78.6,19.76489,12.81428,6.95061,193838,105140,12.81428,6.95061,2021-04-05
8065,813,8878,307856,201903,105953,72.3,20.3518,13.34744,7.00436,201903,105953,13.34744,7.00436,2021-04-06
7476,335,7811,315667,209379,106288,74.1,20.86817,13.84167,7.02651,209379,106288,13.84167,7.02651,2021-04-07
7191,327,7518,323185,216570,106615,75.9,21.36517,14.31705,7.04812,216570,106615,14.31705,7.04812,2021-04-08
9356,201,9557,332742,225926,106816,78.1,21.99697,14.93556,7.06141,225926,106816,14.93556,7.06141,2021-04-09
10602,314,10916,343658,236528,107130,80.7,22.71861,15.63644,7.08217,236528,107130,15.63644,7.08217,2021-04-10
6830,286,7116,350774,243358,107416,82.3,23.18903,16.08796,7.10108,243358,107416,16.08796,7.10108,2021-04-11
8083,484,8567,359341,251441,107900,84.3,23.75538,16.62231,7.13307,251441,107900,16.62231,7.13307,2021-04-12
9605,233,9838,369179,261046,108133,86.7,24.40575,17.25728,7.14848,261046,108133,17.25728,7.14848,2021-04-13
9846,372,10218,379397,270892,108505,81.7,25.08125,17.90818,7.17307,270892,108505,17.90818,7.17307,2021-04-14
9809,565,10374,389771,280701,109070,83.2,25.76705,18.55663,7.21042,280701,109070,18.55663,7.21042,2021-04-15
9556,527,10083,399854,290257,109597,85.3,26.43362,19.18836,7.24526,290257,109597,19.18836,7.24526,2021-04-16
10624,1074,11698,411552,300881,110671,87.8,27.20696,19.8907,7.31626,300881,110671,19.8907,7.31626,2021-04-17
7900,921,8821,420373,308781,111592,89.7,27.7901,20.41295,7.37714,308781,111592,20.41295,7.37714,2021-04-18
8022,1580,9602,429975,316803,113172,89.8,28.42487,20.94327,7.4816,316803,113172,20.94327,7.4816,2021-04-19
9281,1417,10698,440673,326084,114589,92.0,29.13209,21.55682,7.57527,326084,114589,21.55682,7.57527,2021-04-20
9586,1194,10780,451453,335670,115783,85.5,29.84474,22.19053,7.6542,335670,115783,22.19053,7.6542,2021-04-21
9214,1578,10792,462245,344884,117361,86.9,30.55818,22.79966,7.75852,344884,117361,22.79966,7.75852,2021-04-22
8102,3055,11157,473402,352986,120416,89.0,31.29575,23.33526,7.96048,352986,120416,23.33526,7.96048,2021-04-23
7559,4466,12025,485427,360545,124882,91.2,32.0907,23.83498,8.25572,360545,124882,23.83498,8.25572,2021-04-24
7025,1793,8599,494026,367570,126675,92.8,32.65916,24.29939,8.37425,367570,126675,24.29939,8.37425,2021-04-25
5959,3487,8981,503007,373529,130162,92.9,33.25288,24.69332,8.60477,373529,130162,24.69332,8.60477,2021-04-26
5413,5456,9399,512406,378942,135618,94.7,33.87423,25.05117,8.96546,378942,135618,25.05117,8.96546,2021-04-27
6000,5663,10729,523135,384942,141281,87.9,34.58351,25.44782,9.33983,384942,141281,25.44782,9.33983,2021-04-28
7149,6930,13246,536381,392091,148211,90.1,35.45917,25.92042,9.79796,392091,148211,25.92042,9.79796,2021-04-29
5398,8575,13938,550319,397489,156786,92.5,36.38059,26.27728,10.36484,397489,156786,26.27728,10.36484,2021-04-30
3576,5853,9319,559638,401065,162639,85.9,36.99665,26.51368,10.75177,401065,162639,26.51368,10.75177,2021-05-01
3161,5966,8899,568537,404226,168605,87.3,37.58495,26.72265,11.14617,404226,168605,26.72265,11.14617,2021-05-02
4786,5538,10191,578728,409012,174143,88.9,38.25866,27.03904,11.51228,409012,174143,27.03904,11.51228,2021-05-03
4949,6030,10843,589571,413961,180173,90.5,38.97547,27.36621,11.91091,413961,180173,27.36621,11.91091,2021-05-04
5215,6974,11626,601197,419176,187147,85.4,39.74404,27.71096,12.37195,419176,187147,27.71096,12.37195,2021-05-05
5583,7670,12654,613851,424759,194817,86.1,40.58058,28.08005,12.879,424759,194817,28.08005,12.879,2021-05-06
3659,9428,12836,626687,428418,204245,87.9,41.42914,28.32194,13.50227,428418,204245,28.32194,13.50227,2021-05-07
5020,7424,12266,638953,433438,211669,89.6,42.24002,28.6538,13.99305,433438,211669,28.6538,13.99305,2021-05-08
3641,5444,8765,647718,437079,217113,90.9,42.81946,28.8945,14.35295,437079,217113,28.8945,14.35295,2021-05-09
4895,4759,9456,657174,441974,221872,92.2,43.44458,29.2181,14.66756,441974,221872,29.2181,14.66756,2021-05-10
5677,5079,10622,667796,447651,226951,93.7,44.14678,29.59339,15.00332,447651,226951,29.59339,15.00332,2021-05-11
4920,5631,10420,678216,452571,232582,88.6,44.83563,29.91865,15.37557,452571,232582,29.91865,15.37557,2021-05-12
7105,5517,12602,690818,459676,238099,90.2,45.66872,30.38835,15.74029,459676,238099,30.38835,15.74029,2021-05-13
6722,7031,13493,704311,466398,245130,90.7,46.56072,30.83273,16.2051,466398,245130,30.83273,16.2051,2021-05-14
8090,6505,13976,718287,474488,251635,92.5,47.48465,31.36754,16.63513,474488,251635,31.36754,16.63513,2021-05-15
6674,4887,10902,729189,481162,256522,93.9,48.20536,31.80875,16.9582,481162,256522,31.80875,16.9582,2021-05-16
7651,4725,11782,740971,488813,261247,95.4,48.98425,32.31454,17.27056,488813,261247,32.31454,17.27056,2021-05-17
0,0,0,740971,488813,261247,95.4,48.98425,32.31454,17.27056,488813,261247,32.31454,17.27056,2021-05-18
